0.22565320665083136
0.9074074074074074
0.12857142857142856
0.8629032258064516
0.1486810551558753
0.0880952380952381
0.14035087719298245
0.41336633663366334
0.135632183908046
0.4521575984990619
0.14756944444444445
0.14009661835748793
0.8548387096774194
0.14114832535885166
0.1125
0.17796610169491525
0.09181141439205956
0.4400921658986175
0.8110047846889952
0.22565320665083136
0.14093959731543623
0.8962765957446809
0.0912280701754386
0.09507640067911714
0.8104575163398693
0.14350797266514806
0.18410041841004185
0.6827956989247311
0.7695560253699789
0.05707196029776675
0.0653061224489796
0.41133004926108374
0.6017241379310345
0.8962765957446809
0.12814645308924486
0.06666666666666667
0.05
0.8962765957446809
0.43548387096774194
0.12748344370860928
0.07725321888412018
0.09285714285714286
0.9074074074074074
0.18435754189944134
0.1595238095238095
0.18412162162162163
0.04834605597964377
0.09900990099009901
0.030927835051546393
0.4758454106280193
0.07281553398058252
0.43243243243243246
0.13625866050808313
0.4217171717171717
0.8014184397163121
0.5837696335078534
0.12
0.8104575163398693
1.0
0.09130434782608696
0.13392857142857142
0.0963855421686747
0.3381995133819951
0.21082089552238806
0.7732696897374701
0.8962765957446809
0.12814645308924486
0.08958333333333333
0.030927835051546393
0.14225053078556263
0.11083123425692695
0.2141280353200883
0.12419700214132762
0.22458628841607564
0.06971153846153846
0.13285024154589373
0.6510416666666666
0.11524163568773234
0.06911447084233262
0.2141280353200883
0.135632183908046
0.8292682926829268
0.5696784073506891
0.0775
0.734341252699784
0.06538461538461539
0.9074074074074074
0.031914893617021274
0.03664921465968586
0.5040816326530613
0.48166259168704156
0.13744075829383887
0.1377551020408163
0.044009779951100246
0.14617169373549885
0.5720524017467249
0.08816705336426914
0.8110047846889952
0.0775
0.1568627450980392
0.40987124463519314
0.1595238095238095
0.06904231625835189
0.21507760532150777
0.17717003567181927
0.1258741258741259
0.14009661835748793
0.5408388520971302
0.13744075829383887
0.7768817204301075
0.5718085106382979
0.04411764705882353
0.19718309859154928
0.15350877192982457
0.09290953545232274
0.14114832535885166
0.07481296758104738
0.1457286432160804
0.07788944723618091
0.1963855421686747
0.7136563876651982
0.05393258426966292
0.0374331550802139
0.521505376344086
0.9032258064516129
0.5585106382978723
0.14009661835748793
0.6437659033078881
0.16028708133971292
0.22271714922049
0.10407239819004525
0.031578947368421054
0.19225449515905949
0.7410256410256411
0.8252688172043011
0.058524173027989825
0.19246861924686193
0.0687960687960688
0.22565320665083136
0.07009345794392523
0.11524163568773234
0.051597051597051594
0.18234165067178504
0.14749262536873156
0.9203084832904884
0.16022099447513813
0.015873015873015872
0.07815275310834814
0.05483028720626632
0.8962765957446809
0.2268041237113402
0.8933333333333333
0.8962765957446809
0.0944206008583691
0.9144385026737968
0.8962765957446809
0.9122340425531915
0.8962765957446809
0.7473002159827213
0.14114832535885166
0.13744075829383887
0.7440860215053764
0.1646655231560892
0.12979890310786105
0.03723404255319149
0.9841269841269841
0.03816793893129771
0.738562091503268
0.19005328596802842
0.7440860215053764
0.11363636363636363
0.7426470588235294
0.14492753623188406
0.22565320665083136
0.6176470588235294
0.16105769230769232
0.8962765957446809
0.1506849315068493
0.1159090909090909
0.16037735849056603
0.12933025404157045
0.13625866050808313
0.14222222222222222
0.734341252699784
0.23294117647058823
0.07692307692307693
0.033816425120772944
0.22602739726027396
0.08080808080808081
0.41336633663366334
0.12955465587044535
0.10862068965517241
0.031578947368421054
0.8962765957446809
0.8962765957446809
0.9010695187165776
0.05417607223476298
0.10304054054054054
0.08413461538461539
0.8962765957446809
0.09292035398230089
0.1598639455782313
0.14176829268292682
0.15328467153284672
0.1672077922077922
0.734341252699784
0.16323024054982818
0.14489795918367346
0.2304199772985244
0.7410256410256411
